2020-05-09 22:18:28 
[[7,7],[6,8],[8,8],[8,6],[6,6],[5,5],[8,7],[5,6],[9,7],[10,7],[10,6],[7,9],[10,10],[9,9],[11,5],[12,4],[8,11],[5,7],[8,10],[8,9],[14,3],[5,8],[11,10],[5,9]]
2020-05-10 19:33:17 
[[7,7],[7,8],[8,8],[8,7],[8,6],[7,6],[6,6],[6,5],[5,5],[5,4],[4,4]]
2020-05-10 19:54:19 
[[6,8],[7,7],[6,7],[6,6],[7,6],[7,8],[6,9],[8,8],[9,9],[5,5],[4,4],[6,10],[5,9],[7,9],[5,8],[7,10],[7,11],[9,7],[10,6],[5,11]]
2020-05-10 20:22:02 
[[7,7],[6,8],[8,8],[9,9],[7,9],[7,8],[6,10],[9,7],[5,5]]
2020-05-10 20:41:21 
[[7,7],[6,8],[8,8],[9,9],[7,9],[7,8],[6,10],[9,7],[5,5],[6,6],[4,9],[6,7],[6,9],[5,9],[6,5],[8,6],[7,5],[8,5],[4,12],[5,11],[4,10],[4,11],[5,10],[3,10],[6,11],[7,12],[7,10],[8,10],[4,13],[5,12],[5,4],[9,10],[5,3],[9,8],[5,14],[9,11]]
2020-05-10 22:03:33 
[[7,7],[6,8],[6,6],[5,5],[5,7],[4,7],[4,8],[7,5],[9,7],[8,7],[8,8],[6,5],[10,10],[9,9],[4,5],[5,4],[7,6],[5,6],[3,8],[8,5],[9,5],[7,4],[8,3],[5,2],[5,3],[6,3],[12,9],[9,6]]
2020-05-11 16:08:20 
[[7,7],[6,8],[4,6],[6,7],[6,6],[5,6],[4,5],[5,5],[4,7],[4,8],[5,4],[5,8],[7,8],[3,8],[2,8],[5,9],[5,7],[4,9],[4,3],[4,4],[7,6],[6,5],[2,7],[3,6],[3,7],[1,7],[1,9],[0,10],[2,6],[2,9],[2,4],[2,5],[7,7],[7,9],[3,5],[1,3],[7,5],[7,4],[6,9],[3,10],[2,11],[4,11],[8,4],[9,3],[1,8],[6,11],[5,10],[4,10],[4,12],[5,11],[9,6],[8,7],[8,6],[10,6],[3,11],[7,11],[8,11],[6,10],[8,12],[6,12],[2,10],[5,13],[0,8]]
2020-05-11 16:15:11 
[[7,7],[6,8],[6,6],[5,5],[5,7],[7,6],[4,8],[7,5],[6,7],[8,7],[6,5],[8,6],[6,4],[6,3],[8,8],[9,6],[2,10],[3,9],[9,9],[10,10],[10,6],[10,5],[7,8],[8,9],[9,7],[7,9],[11,5],[12,4],[11,4],[8,4],[11,7],[8,5],[8,3],[7,4],[13,7],[10,7]]
2020-05-11 16:17:50 
[[7,7],[8,6],[6,6],[8,8],[8,7],[9,7],[5,7],[9,6],[7,5],[8,4],[7,6],[7,4],[9,8],[6,5],[7,9],[7,8],[6,8],[8,10],[4,6],[3,5],[4,8],[3,9],[4,7],[4,5],[6,7]]
2020-05-11 16:18:29 
[[7,7],[8,7],[8,6],[9,7],[9,5],[10,4],[10,6],[11,7],[9,6],[11,6],[7,6],[6,6],[7,5],[7,4],[6,8],[5,9],[8,5],[10,5],[6,5],[5,5],[9,4],[10,3],[7,8],[7,9],[5,8],[4,8],[6,7]]
2020-05-11 16:19:24 
[[7,7],[8,8],[8,6],[9,5],[9,7],[10,7],[10,8],[7,5],[5,7],[6,7],[6,8],[11,8],[4,6],[3,5],[8,10],[7,9],[9,9],[7,11],[9,10],[9,8],[10,10],[7,10],[12,10],[11,10],[11,9]]
